3.51  0
3.52  0
3.53  0
3.54  0
3.55  0
3.56  0
3.57  0
3.58  0
3.59  0
3.6  0
3.61  0
3.62  0
3.63  0
3.64  0
3.65  0
3.66  0
3.67  0
3.68  0
3.69  0
3.7  2
3.71  0
3.72  0
3.73  0
3.74  0
3.75  0
3.76  0
3.77  0
3.78  0
3.79  0
3.8  1
3.81  1
3.82  1
3.83  1
3.84  0
3.85  0
3.86  1
3.87  2
3.88  1
3.89  3
3.9  6
3.91  8
3.92  5
3.93  8
3.94  6
3.95  10
3.96  6
3.97  17
3.98  10
3.99  21
4  18
4.01  20
4.02  33
4.03  22
4.04  27
4.05  33
4.06  33
4.07  22
4.08  32
4.09  42
4.1  41
4.11  34
4.12  40
4.13  25
4.14  28
4.15  33
4.16  22
4.17  33
4.18  28
4.19  17
4.2  25
4.21  12
4.22  13
4.23  8
4.24  9
4.25  5
4.26  4
4.27  3
4.28  1
4.29  1
4.3  3
4.31  2
4.32  0
4.33  1
4.34  0
4.35  0
4.36  0
4.37  1
4.38  0
4.39  0
4.4  0
4.41  0
4.42  0
4.43  0
4.44  0
4.45  0
4.46  0
4.47  0
4.48  0
4.49  0
4.5  0
