3.072  0
3.082  0
3.092  0
3.102  0
3.112  0
3.122  0
3.132  0
3.142  0
3.152  0
3.162  0
3.172  0
3.182  0
3.192  0
3.202  0
3.212  0
3.222  0
3.232  0
3.242  0
3.252  0
3.262  0
3.272  0
3.282  0
3.292  0
3.302  1
3.312  2
3.322  2
3.332  2
3.342  2
3.352  1
3.362  0
3.372  4
3.382  4
3.392  7
3.402  9
3.412  6
3.422  18
3.432  16
3.442  16
3.452  16
3.462  22
3.472  26
3.482  25
3.492  31
3.502  28
3.512  38
3.522  34
3.532  49
3.542  40
3.552  45
3.562  42
3.572  45
3.582  51
3.592  48
3.602  42
3.612  45
3.622  33
3.632  38
3.642  29
3.652  35
3.662  23
3.672  18
3.682  17
3.692  19
3.702  16
3.712  8
3.722  7
3.732  11
3.742  9
3.752  8
3.762  3
3.772  3
3.782  5
3.792  0
3.802  0
3.812  0
3.822  1
3.832  0
3.842  0
3.852  0
3.862  0
3.872  0
3.882  0
3.892  0
3.902  0
3.912  0
3.922  0
3.932  0
3.942  0
3.952  0
3.962  0
3.972  0
3.982  0
3.992  0
4.002  0
4.012  0
4.022  0
4.032  0
4.042  0
4.052  0
4.062  0
