5.774  0
5.784  0
5.794  0
5.804  0
5.814  0
5.824  0
5.834  0
5.844  0
5.854  0
5.864  0
5.874  0
5.884  0
5.894  0
5.904  1
5.914  0
5.924  0
5.934  0
5.944  1
5.954  2
5.964  3
5.974  7
5.984  3
5.994  5
6.004  8
6.014  8
6.024  6
6.034  9
6.044  6
6.054  19
6.064  6
6.074  15
6.084  16
6.094  16
6.104  23
6.114  20
6.124  27
6.134  28
6.144  22
6.154  30
6.164  21
6.174  38
6.184  28
6.194  39
6.204  36
6.214  35
6.224  33
6.234  40
6.244  44
6.254  38
6.264  35
6.274  25
6.284  34
6.294  23
6.304  28
6.314  31
6.324  14
6.334  26
6.344  22
6.354  14
6.364  12
6.374  17
6.384  13
6.394  11
6.404  11
6.414  13
6.424  7
6.434  6
6.444  3
6.454  4
6.464  5
6.474  2
6.484  2
6.494  2
6.504  1
6.514  3
6.524  2
6.534  1
6.544  0
6.554  0
6.564  0
6.574  0
6.584  0
6.594  0
6.604  0
6.614  0
6.624  0
6.634  0
6.644  0
6.654  0
6.664  0
6.674  0
6.684  0
6.694  0
6.704  0
6.714  0
6.724  0
6.734  0
6.744  0
6.754  0
6.764  0
