4.63  0
4.64  0
4.65  0
4.66  0
4.67  0
4.68  0
4.69  0
4.7  0
4.71  0
4.72  0
4.73  0
4.74  0
4.75  0
4.76  0
4.77  0
4.78  0
4.79  0
4.8  0
4.81  0
4.82  0
4.83  0
4.84  0
4.85  0
4.86  0
4.87  1
4.88  0
4.89  1
4.9  1
4.91  1
4.92  1
4.93  2
4.94  1
4.95  1
4.96  6
4.97  1
4.98  5
4.99  6
5  4
5.01  5
5.02  13
5.03  18
5.04  16
5.05  10
5.06  18
5.07  20
5.08  32
5.09  25
5.1  28
5.11  35
5.12  39
5.13  40
5.14  33
5.15  39
5.16  42
5.17  47
5.18  37
5.19  41
5.2  39
5.21  25
5.22  39
5.23  48
5.24  42
5.25  30
5.26  27
5.27  27
5.28  28
5.29  20
5.3  15
5.31  20
5.32  13
5.33  7
5.34  12
5.35  8
5.36  7
5.37  4
5.38  3
5.39  4
5.4  2
5.41  1
5.42  3
5.43  2
5.44  1
5.45  3
5.46  0
5.47  0
5.48  0
5.49  0
5.5  0
5.51  0
5.52  0
5.53  1
5.54  0
5.55  0
5.56  0
5.57  0
5.58  0
5.59  0
5.6  0
5.61  0
5.62  0
