4.352 0
4.362 0
4.372 0
4.382 0
4.392 0
4.402 0
4.412 0
4.422 0
4.432 0
4.442 0
4.452 0
4.462 0
4.472 0
4.482 0
4.492 0
4.502 0
4.512 0
4.522 0
4.532 0
4.542 0
4.552 0
4.562 1
4.572 2
4.582 1
4.592 1
4.602 5
4.612 3
4.622 4
4.632 2
4.642 7
4.652 6
4.662 10
4.672 10
4.682 12
4.692 16
4.702 21
4.712 21
4.722 19
4.732 20
4.742 35
4.752 33
4.762 36
4.772 27
4.782 34
4.792 38
4.802 39
4.812 58
4.822 40
4.832 54
4.842 41
4.852 45
4.862 43
4.872 35
4.882 21
4.892 34
4.902 42
4.912 30
4.922 29
4.932 32
4.942 13
4.952 21
4.962 12
4.972 5
4.982 15
4.992 10
5.002 6
5.012 4
5.022 1
5.032 1
5.042 0
5.052 1
5.062 2
5.072 1
5.082 0
5.092 0
5.102 0
5.112 0
5.122 1
5.132 0
5.142 0
5.152 0
5.162 0
5.172 0
5.182 0
5.192 0
5.202 0
5.212 0
5.222 0
5.232 0
5.242 0
5.252 0
5.262 0
5.272 0
5.282 0
5.292 0
5.302 0
5.312 0
5.322 0
5.332 0
5.342 0
