1.84e-010  0
2.04e-010  0
2.24e-010  0
2.44e-010  0
2.64e-010  0
2.84e-010  0
3.04e-010  0
3.24e-010  0
3.44e-010  0
3.64e-010  0
3.84e-010  0
4.04e-010  0
4.24e-010  0
4.44e-010  0
4.64e-010  0
4.84e-010  0
5.04e-010  0
5.24e-010  0
5.44e-010  0
5.64e-010  0
5.84e-010  0
6.04e-010  0
6.24e-010  0
6.44e-010  0
6.64e-010  1
6.84e-010  0
7.04e-010  0
7.24e-010  1
7.44e-010  1
7.64e-010  1
7.84e-010  0
8.04e-010  0
8.24e-010  1
8.44e-010  0
8.64e-010  2
8.84e-010  0
9.04e-010  1
9.24e-010  0
9.44e-010  0
9.64e-010  0
9.84e-010  0
1.004e-009  0
1.024e-009  4
1.044e-009  1
1.064e-009  5
1.084e-009  9
1.104e-009  12
1.124e-009  17
1.144e-009  28
1.164e-009  33
1.184e-009  41
1.204e-009  39
1.224e-009  37
1.244e-009  39
1.264e-009  31
1.284e-009  26
1.304e-009  21
1.324e-009  18
1.344e-009  6
1.364e-009  6
1.384e-009  5
1.404e-009  2
1.424e-009  4
1.444e-009  0
1.464e-009  0
1.484e-009  0
1.504e-009  1
1.524e-009  0
1.544e-009  0
1.564e-009  1
1.584e-009  0
1.604e-009  0
1.624e-009  1
1.644e-009  0
1.664e-009  0
1.684e-009  1
1.704e-009  0
1.724e-009  1
1.744e-009  1
1.764e-009  0
1.784e-009  0
1.804e-009  0
1.824e-009  0
1.844e-009  0
1.864e-009  0
1.884e-009  0
1.904e-009  0
1.924e-009  0
1.944e-009  0
1.964e-009  0
1.984e-009  0
2.004e-009  0
2.024e-009  0
2.044e-009  0
2.064e-009  0
2.084e-009  0
2.104e-009  0
2.124e-009  0
2.144e-009  0
2.164e-009  0
