5.414e-009 0
5.424e-009 0
5.434e-009 0
5.444e-009 0
5.454e-009 0
5.464e-009 0
5.474e-009 0
5.484e-009 0
5.494e-009 0
5.504e-009 0
5.514e-009 0
5.524e-009 0
5.534e-009 0
5.544e-009 0
5.554e-009 0
5.564e-009 0
5.574e-009 0
5.584e-009 0
5.594e-009 0
5.604e-009 0
5.614e-009 0
5.624e-009 1
5.634e-009 0
5.644e-009 0
5.654e-009 0
5.664e-009 0
5.674e-009 3
5.684e-009 1
5.694e-009 1
5.704e-009 4
5.714e-009 4
5.724e-009 3
5.734e-009 4
5.744e-009 5
5.754e-009 6
5.764e-009 6
5.774e-009 10
5.784e-009 15
5.794e-009 14
5.804e-009 12
5.814e-009 15
5.824e-009 22
5.834e-009 23
5.844e-009 23
5.854e-009 33
5.864e-009 23
5.874e-009 42
5.884e-009 46
5.894e-009 44
5.904e-009 49
5.914e-009 36
5.924e-009 45
5.934e-009 50
5.944e-009 39
5.954e-009 43
5.964e-009 47
5.974e-009 32
5.984e-009 42
5.994e-009 25
6.004e-009 40
6.014e-009 32
6.024e-009 21
6.034e-009 25
6.044e-009 21
6.054e-009 22
6.064e-009 19
6.074e-009 12
6.084e-009 8
6.094e-009 10
6.104e-009 8
6.114e-009 4
6.124e-009 3
6.134e-009 2
6.144e-009 4
6.154e-009 0
6.164e-009 0
6.174e-009 0
6.184e-009 0
6.194e-009 0
6.204e-009 0
6.214e-009 0
6.224e-009 1
6.234e-009 0
6.244e-009 0
6.254e-009 0
6.264e-009 0
6.274e-009 0
6.284e-009 0
6.294e-009 0
6.304e-009 0
6.314e-009 0
6.324e-009 0
6.334e-009 0
6.344e-009 0
6.354e-009 0
6.364e-009 0
6.374e-009 0
6.384e-009 0
6.394e-009 0
6.404e-009 0
