3.816e-009 0
3.826e-009 0
3.836e-009 0
3.846e-009 0
3.856e-009 0
3.866e-009 0
3.876e-009 0
3.886e-009 0
3.896e-009 0
3.906e-009 0
3.916e-009 0
3.926e-009 0
3.936e-009 0
3.946e-009 0
3.956e-009 0
3.966e-009 0
3.976e-009 0
3.986e-009 0
3.996e-009 0
4.006e-009 0
4.016e-009 0
4.026e-009 0
4.036e-009 0
4.046e-009 1
4.056e-009 0
4.066e-009 0
4.076e-009 1
4.086e-009 0
4.096e-009 0
4.106e-009 0
4.116e-009 0
4.126e-009 0
4.136e-009 1
4.146e-009 0
4.156e-009 0
4.166e-009 2
4.176e-009 3
4.186e-009 8
4.196e-009 4
4.206e-009 4
4.216e-009 8
4.226e-009 9
4.236e-009 7
4.246e-009 20
4.256e-009 16
4.266e-009 22
4.276e-009 18
4.286e-009 26
4.296e-009 31
4.306e-009 16
4.316e-009 24
4.326e-009 29
4.336e-009 42
4.346e-009 35
4.356e-009 40
4.366e-009 33
4.376e-009 31
4.386e-009 47
4.396e-009 39
4.406e-009 46
4.416e-009 49
4.426e-009 38
4.436e-009 33
4.446e-009 29
4.456e-009 28
4.466e-009 28
4.476e-009 27
4.486e-009 25
4.496e-009 29
4.506e-009 17
4.516e-009 23
4.526e-009 16
4.536e-009 18
4.546e-009 14
4.556e-009 14
4.566e-009 10
4.576e-009 9
4.586e-009 4
4.596e-009 5
4.606e-009 4
4.616e-009 4
4.626e-009 4
4.636e-009 2
4.646e-009 2
4.656e-009 1
4.666e-009 1
4.676e-009 1
4.686e-009 1
4.696e-009 0
4.706e-009 0
4.716e-009 0
4.726e-009 0
4.736e-009 1
4.746e-009 0
4.756e-009 0
4.766e-009 0
4.776e-009 0
4.786e-009 0
4.796e-009 0
4.806e-009 0
