4.092e-009 0
4.102e-009 0
4.112e-009 0
4.122e-009 0
4.132e-009 0
4.142e-009 0
4.152e-009 0
4.162e-009 0
4.172e-009 0
4.182e-009 0
4.192e-009 0
4.202e-009 0
4.212e-009 0
4.222e-009 0
4.232e-009 0
4.242e-009 0
4.252e-009 0
4.262e-009 0
4.272e-009 0
4.282e-009 0
4.292e-009 0
4.302e-009 0
4.312e-009 0
4.322e-009 0
4.332e-009 1
4.342e-009 0
4.352e-009 1
4.362e-009 0
4.372e-009 0
4.382e-009 1
4.392e-009 2
4.402e-009 2
4.412e-009 3
4.422e-009 3
4.432e-009 4
4.442e-009 4
4.452e-009 3
4.462e-009 5
4.472e-009 6
4.482e-009 17
4.492e-009 14
4.502e-009 6
4.512e-009 12
4.522e-009 23
4.532e-009 18
4.542e-009 30
4.552e-009 31
4.562e-009 35
4.572e-009 34
4.582e-009 30
4.592e-009 44
4.602e-009 34
4.612e-009 46
4.622e-009 51
4.632e-009 48
4.642e-009 51
4.652e-009 30
4.662e-009 42
4.672e-009 38
4.682e-009 43
4.692e-009 37
4.702e-009 35
4.712e-009 36
4.722e-009 28
4.732e-009 20
4.742e-009 12
4.752e-009 22
4.762e-009 27
4.772e-009 14
4.782e-009 13
4.792e-009 6
4.802e-009 9
4.812e-009 4
4.822e-009 6
4.832e-009 4
4.842e-009 7
4.852e-009 0
4.862e-009 4
4.872e-009 0
4.882e-009 0
4.892e-009 2
4.902e-009 2
4.912e-009 0
4.922e-009 0
4.932e-009 0
4.942e-009 0
4.952e-009 0
4.962e-009 0
4.972e-009 0
4.982e-009 0
4.992e-009 0
5.002e-009 0
5.012e-009 0
5.022e-009 0
5.032e-009 0
5.042e-009 0
5.052e-009 0
5.062e-009 0
5.072e-009 0
5.082e-009 0
