6.694e-009 0
6.704e-009 0
6.714e-009 0
6.724e-009 0
6.734e-009 0
6.744e-009 0
6.754e-009 0
6.764e-009 0
6.774e-009 0
6.784e-009 0
6.794e-009 0
6.804e-009 0
6.814e-009 0
6.824e-009 0
6.834e-009 0
6.844e-009 0
6.854e-009 0
6.864e-009 0
6.874e-009 0
6.884e-009 0
6.894e-009 0
6.904e-009 1
6.914e-009 3
6.924e-009 2
6.934e-009 5
6.944e-009 3
6.954e-009 4
6.964e-009 9
6.974e-009 2
6.984e-009 2
6.994e-009 10
7.004e-009 9
7.014e-009 14
7.024e-009 15
7.034e-009 9
7.044e-009 16
7.054e-009 13
7.064e-009 29
7.074e-009 27
7.084e-009 42
7.094e-009 30
7.104e-009 27
7.114e-009 26
7.124e-009 37
7.134e-009 38
7.144e-009 48
7.154e-009 47
7.164e-009 38
7.174e-009 40
7.184e-009 45
7.194e-009 46
7.204e-009 50
7.214e-009 37
7.224e-009 34
7.234e-009 42
7.244e-009 31
7.254e-009 24
7.264e-009 19
7.274e-009 28
7.284e-009 21
7.294e-009 10
7.304e-009 13
7.314e-009 12
7.324e-009 8
7.334e-009 7
7.344e-009 4
7.354e-009 7
7.364e-009 4
7.374e-009 4
7.384e-009 2
7.394e-009 3
7.404e-009 0
7.414e-009 0
7.424e-009 0
7.434e-009 0
7.444e-009 1
7.454e-009 1
7.464e-009 0
7.474e-009 0
7.484e-009 0
7.494e-009 0
7.504e-009 1
7.514e-009 0
7.524e-009 0
7.534e-009 0
7.544e-009 0
7.554e-009 0
7.564e-009 0
7.574e-009 0
7.584e-009 0
7.594e-009 0
7.604e-009 0
7.614e-009 0
7.624e-009 0
7.634e-009 0
7.644e-009 0
7.654e-009 0
7.664e-009 0
7.674e-009 0
7.684e-009 0
