5.134e-009 0
5.144e-009 0
5.154e-009 0
5.164e-009 0
5.174e-009 0
5.184e-009 0
5.194e-009 0
5.204e-009 0
5.214e-009 0
5.224e-009 0
5.234e-009 0
5.244e-009 0
5.254e-009 0
5.264e-009 0
5.274e-009 0
5.284e-009 0
5.294e-009 0
5.304e-009 0
5.314e-009 0
5.324e-009 0
5.334e-009 0
5.344e-009 0
5.354e-009 0
5.364e-009 0
5.374e-009 0
5.384e-009 0
5.394e-009 1
5.404e-009 1
5.414e-009 0
5.424e-009 0
5.434e-009 1
5.444e-009 1
5.454e-009 0
5.464e-009 0
5.474e-009 1
5.484e-009 1
5.494e-009 8
5.504e-009 5
5.514e-009 10
5.524e-009 9
5.534e-009 19
5.544e-009 14
5.554e-009 19
5.564e-009 27
5.574e-009 20
5.584e-009 21
5.594e-009 36
5.604e-009 36
5.614e-009 36
5.624e-009 26
5.634e-009 46
5.644e-009 38
5.654e-009 42
5.664e-009 36
5.674e-009 35
5.684e-009 39
5.694e-009 38
5.704e-009 43
5.714e-009 30
5.724e-009 35
5.734e-009 34
5.744e-009 28
5.754e-009 30
5.764e-009 21
5.774e-009 24
5.784e-009 17
5.794e-009 14
5.804e-009 13
5.814e-009 15
5.824e-009 7
5.834e-009 11
5.844e-009 4
5.854e-009 3
5.864e-009 4
5.874e-009 2
5.884e-009 0
5.894e-009 5
5.904e-009 1
5.914e-009 2
5.924e-009 0
5.934e-009 0
5.944e-009 0
5.954e-009 0
5.964e-009 0
5.974e-009 0
5.984e-009 0
5.994e-009 0
6.004e-009 0
6.014e-009 0
6.024e-009 0
6.034e-009 0
6.044e-009 0
6.054e-009 0
6.064e-009 0
6.074e-009 0
6.084e-009 0
6.094e-009 0
6.104e-009 0
6.114e-009 0
6.124e-009 0
