5.414  0
5.424  0
5.434  0
5.444  0
5.454  0
5.464  0
5.474  0
5.484  0
5.494  0
5.504  0
5.514  0
5.524  0
5.534  0
5.544  0
5.554  0
5.564  0
5.574  0
5.584  0
5.594  0
5.604  0
5.614  0
5.624  1
5.634  0
5.644  0
5.654  0
5.664  0
5.674  3
5.684  1
5.694  1
5.704  4
5.714  4
5.724  3
5.734  4
5.744  5
5.754  6
5.764  6
5.774  10
5.784  15
5.794  14
5.804  12
5.814  15
5.824  22
5.834  23
5.844  23
5.854  33
5.864  23
5.874  42
5.884  46
5.894  44
5.904  49
5.914  36
5.924  45
5.934  50
5.944  39
5.954  43
5.964  47
5.974  32
5.984  42
5.994  25
6.004  40
6.014  32
6.024  21
6.034  25
6.044  21
6.054  22
6.064  19
6.074  12
6.084  8
6.094  10
6.104  8
6.114  4
6.124  3
6.134  2
6.144  4
6.154  0
6.164  0
6.174  0
6.184  0
6.194  0
6.204  0
6.214  0
6.224  1
6.234  0
6.244  0
6.254  0
6.264  0
6.274  0
6.284  0
6.294  0
6.304  0
6.314  0
6.324  0
6.334  0
6.344  0
6.354  0
6.364  0
6.374  0
6.384  0
6.394  0
6.404  0
