6.694  0
6.704  0
6.714  0
6.724  0
6.734  0
6.744  0
6.754  0
6.764  0
6.774  0
6.784  0
6.794  0
6.804  0
6.814  0
6.824  0
6.834  0
6.844  0
6.854  0
6.864  0
6.874  0
6.884  0
6.894  0
6.904  1
6.914  3
6.924  2
6.934  5
6.944  3
6.954  4
6.964  9
6.974  2
6.984  2
6.994  10
7.004  9
7.014  14
7.024  15
7.034  9
7.044  16
7.054  13
7.064  29
7.074  27
7.084  42
7.094  30
7.104  27
7.114  26
7.124  37
7.134  38
7.144  48
7.154  47
7.164  38
7.174  40
7.184  45
7.194  46
7.204  50
7.214  37
7.224  34
7.234  42
7.244  31
7.254  24
7.264  19
7.274  28
7.284  21
7.294  10
7.304  13
7.314  12
7.324  8
7.334  7
7.344  4
7.354  7
7.364  4
7.374  4
7.384  2
7.394  3
7.404  0
7.414  0
7.424  0
7.434  0
7.444  1
7.454  1
7.464  0
7.474  0
7.484  0
7.494  0
7.504  1
7.514  0
7.524  0
7.534  0
7.544  0
7.554  0
7.564  0
7.574  0
7.584  0
7.594  0
7.604  0
7.614  0
7.624  0
7.634  0
7.644  0
7.654  0
7.664  0
7.674  0
7.684  0
