3.816  0
3.826  0
3.836  0
3.846  0
3.856  0
3.866  0
3.876  0
3.886  0
3.896  0
3.906  0
3.916  0
3.926  0
3.936  0
3.946  0
3.956  0
3.966  0
3.976  0
3.986  0
3.996  0
4.006  0
4.016  0
4.026  0
4.036  0
4.046  1
4.056  0
4.066  0
4.076  1
4.086  0
4.096  0
4.106  0
4.116  0
4.126  0
4.136  1
4.146  0
4.156  0
4.166  2
4.176  3
4.186  8
4.196  4
4.206  4
4.216  8
4.226  9
4.236  7
4.246  20
4.256  16
4.266  22
4.276  18
4.286  26
4.296  31
4.306  16
4.316  24
4.326  29
4.336  42
4.346  35
4.356  40
4.366  33
4.376  31
4.386  47
4.396  39
4.406  46
4.416  49
4.426  38
4.436  33
4.446  29
4.456  28
4.466  28
4.476  27
4.486  25
4.496  29
4.506  17
4.516  23
4.526  16
4.536  18
4.546  14
4.556  14
4.566  10
4.576  9
4.586  4
4.596  5
4.606  4
4.616  4
4.626  4
4.636  2
4.646  2
4.656  1
4.666  1
4.676  1
4.686  1
4.696  0
4.706  0
4.716  0
4.726  0
4.736  1
4.746  0
4.756  0
4.766  0
4.776  0
4.786  0
4.796  0
4.806  0
