5.134  0
5.144  0
5.154  0
5.164  0
5.174  0
5.184  0
5.194  0
5.204  0
5.214  0
5.224  0
5.234  0
5.244  0
5.254  0
5.264  0
5.274  0
5.284  0
5.294  0
5.304  0
5.314  0
5.324  0
5.334  0
5.344  0
5.354  0
5.364  0
5.374  0
5.384  0
5.394  1
5.404  1
5.414  0
5.424  0
5.434  1
5.444  1
5.454  0
5.464  0
5.474  1
5.484  1
5.494  8
5.504  5
5.514  10
5.524  9
5.534  19
5.544  14
5.554  19
5.564  27
5.574  20
5.584  21
5.594  36
5.604  36
5.614  36
5.624  26
5.634  46
5.644  38
5.654  42
5.664  36
5.674  35
5.684  39
5.694  38
5.704  43
5.714  30
5.724  35
5.734  34
5.744  28
5.754  30
5.764  21
5.774  24
5.784  17
5.794  14
5.804  13
5.814  15
5.824  7
5.834  11
5.844  4
5.854  3
5.864  4
5.874  2
5.884  0
5.894  5
5.904  1
5.914  2
5.924  0
5.934  0
5.944  0
5.954  0
5.964  0
5.974  0
5.984  0
5.994  0
6.004  0
6.014  0
6.024  0
6.034  0
6.044  0
6.054  0
6.064  0
6.074  0
6.084  0
6.094  0
6.104  0
6.114  0
6.124  0
