4.092  0
4.102  0
4.112  0
4.122  0
4.132  0
4.142  0
4.152  0
4.162  0
4.172  0
4.182  0
4.192  0
4.202  0
4.212  0
4.222  0
4.232  0
4.242  0
4.252  0
4.262  0
4.272  0
4.282  0
4.292  0
4.302  0
4.312  0
4.322  0
4.332  1
4.342  0
4.352  1
4.362  0
4.372  0
4.382  1
4.392  2
4.402  2
4.412  3
4.422  3
4.432  4
4.442  4
4.452  3
4.462  5
4.472  6
4.482  17
4.492  14
4.502  6
4.512  12
4.522  23
4.532  18
4.542  30
4.552  31
4.562  35
4.572  34
4.582  30
4.592  44
4.602  34
4.612  46
4.622  51
4.632  48
4.642  51
4.652  30
4.662  42
4.672  38
4.682  43
4.692  37
4.702  35
4.712  36
4.722  28
4.732  20
4.742  12
4.752  22
4.762  27
4.772  14
4.782  13
4.792  6
4.802  9
4.812  4
4.822  6
4.832  4
4.842  7
4.852  0
4.862  4
4.872  0
4.882  0
4.892  2
4.902  2
4.912  0
4.922  0
4.932  0
4.942  0
4.952  0
4.962  0
4.972  0
4.982  0
4.992  0
5.002  0
5.012  0
5.022  0
5.032  0
5.042  0
5.052  0
5.062  0
5.072  0
5.082  0
